128
87
84
107
30
0
0
0
0
0
0
12
44
59
122
69
172
32
0
0
0
0
188
37
11
95
42
177
98
141
102
5
0
0
23
67
67
140
214
141
64
177
51
250
13
35
105
25
102
149
432
194
73
106
74
151
207
109
113
212
6
208
363
159
93
90
50
103
139
100
221
133
204
83
239
151
221
45
32
21
117
111
139
318
160
289
226
219
170
69
48
16
0
54
187
157
197
178
150
284
65
62
49
36
122
39
55
125
160
57
150
113
150
105
21
29
45
80
59
159
101
331
252
152
193
99
135
30
37
13
58
125
118
152
446
239
105
172
217
220
79
46
90
32
25
102
204
237
154
74
429
177
273
76
7
10
35
49
177
92
53
38
148
135
71
59
42
35
3