38
67
43
45
34
23
30
0
0
0
0
0
0
0
0
0
4
5
17
26
32
55
66
5
94
84
0
0
0
0
0
0
0
0
0
21
3
0
4
20
34
8
53
46
48
53
32
0
0
0
0
0
0
1
187
16
11
0
28
84
24
35
108
14
69
23
90
0
5
0
0
0
22
35
17
30
10
65
81
42
0
65
38
102
33
92
37
39
0
0
55
9
1
20
31
40
97
158
101
112
82
31
41
25
95
14
158
41
0
15
52
9
15
10
66
58
165
165
118
10
5
53
12
49
68
83
85
74
21
9
101
44
0
10
91
278
53
106
46
14
41
25
97
36
25
0
73
179
2
55
93
149
25
45
191
56
85
38
25
16
19
58
9
39
28
139
18
53
132
70
30
111
46
25
103
95
46
137
39
5
32
21
0
53
66
30
57
140
100
92
145
134
85
0
192
99
77
37
12
13
0
0
0
35
52
70
40
149
158
64
62
108
136
200
15
3
19
28
41
3
16
0
0
15
66
82
61
25
81
95
13
64
60
81
25
52
11
24
6
43
62
9
39
29
46
16
40
94
0
65
76
45
97
31
67
9
13
0
27
6
51
23
0
22
88
49
32
126
62
63
103
56
64
62
23
27
18
21
8
18
49
8
59
65
49
76
164
147
135
66
73
61
15
42
88
2
16
11
7
9
34
77
41
67
40
56
253
169
50
74
26
71
163
83
67
44
9
33
19
44
24
18
18
54
62
136
88
176
111
10
24
270
26
118
99
65
5
11
34
5
6
8
14
21
106
34
121
31
77
47
40
218
91
195
45
33
6
2
1
0
15
13
31
31
73
50
21
35
14
64
89
70
71
0
59
30
37
10
0
0
28
19
25
91
18
18
0
20
19
46
51
3
0
0
0
0
0
0
0
5