0
17
47
0
9
16
12
17
34
0
0
0
0
21
0
0
0
0
0
0
0
0
0
0
0
0
0
0
0
0
0
0
0
0
2
0
4
13
1
8
13
8
0
20
13
5
12
4
0
0
0
23
9
0
0
0
0
0
0
0
0
0
0
0
0
0
0
0
0
0
0
0
0
4
0
3
0
0
17
0
24
2
17
9
0
15
5
0
0
0
48
36
0
0
0
0
0
0
0
0
0
0
0
0
0
0
0
0
0
0
0
0
0
3
0
0
0
4
5
0
0
6
11
18
30
21
0
0
6
88
0
0
0
0
0
0
0
0
0
0
0
0
0
0
0
0
0
0
0
0
0
21
0
0
0
0
0
0
15
0
15
9
8
0
0
16
7
8
17
19
0
0
32
0
0
0
0
0
0
0
0
0
0
0
0
0
0
1
0
187
0
0
0
2
0
0
0
17
0
32
4
6
0
0
11
26
0
31
0
12
34
19
0
0
0
0
0
0
0
0
0
0
0
0
0
0
0
0
0
0
0
16
0
9
0
0
11
0
52
0
10
5
0
17
0
50
14
0
0
18
15
8
0
11
0
0
0
0
0
0
0
0
0
0
0
0
0
35
0
11
4
15
7
3
0
16
16
0
0
4
9
0
18
0
27
31
0
0
32
19
0
0
19
60
0
0
5
0
0
0
0
0
0
0
0
22
0
0
6
0
0
11
0
0
25
24
16
49
38
0
0
0
0
14
21
17
0
30
22
0
30
51
0
0
12
0
0
0
0
0
0
0
0
0
1
0
0
15
0
0
17
0
13
17
55
0
34
23
38
42
0
0
35
16
0
0
1
71
0
11
11
0
0
37
27
0
0
0
0
0
0
55
1
8
0
0
0
5
0
31
0
23
15
52
0
103
0
44
32
0
0
39
24
0
0
23
25
0
0
15
0
0
67
22
26
0
0
0
0
0
3
2
0
0
0
0
10
0
0
0
0
17
0
0
91
10
46
49
0
0
35
8
0
7
18
0
0
0
80
0
0
14
15
54
2
13
0
0
0
15
17
30
9
0
0
15
0
0
0
66
41
0
53
112
18
46
23
0
0
10
5
0
16
11
0
0
1
27
0
0
8
33
13
45
8
21
0
6
1
0
51
19
9
19
0
0
0
0
50
0
0
183
0
0
71
0
0
14
14
0
0
0
26
0
0
12
21
0
0
68
20
22
27
0
38
7
8
7
8
0
31
0
0
16
0
0
0
10
41
0
95
0
0
53
0
35
0
32
0
0
0
24
2
0
69
14
0
0
25
0
0
0
0
22
54
58
2
0
5
17
0
0
149
0
0
0
6
6
0
101
0
0
85
0
0
0
24
1
8
1
17
0
0
23
14
0
2
34
0
0
0
0
23
28
31
36
0
0
33
0
0
93
0
0
0
25
5
28
48
42
0
56
0
0
0
38
0
0
2
5
1
0
49
4
0
0
39
0
0
0
0
47
11
3
0
0
26
40
0
26
30
0
0
0
29
0
7
10
0
69
58
0
0
0
123
5
39
0
0
1
0
18
5
0
0
9
0
0
28
0
84
8
4
0
0
53
66
0
0
44
0
0
45
66
16
1
0
8
18
16
22
15
0
46
9
0
0
0
4
0
13
3
0
0
0
0
22
31
17
33
0
5
0
22
57
83
0
0
22
19
0
77
75
2
11
46
0
0
86
11
29
44
55
0
17
18
3
0
3
0
16
0
0
21
0
0
0
0
16
0
0
25
15
20
0
0
58
42
27
24
68
0
21
36
25
3
0
0
95
0
0
26
0
22
0
2
9
0
7
3
0
0
0
0
0
0
20
11
0
11
30
7
12
13
0
0
99
36
0
0
0
0
60
18
1
0
140
24
0
3
3
0
13
0
10
0
15
11
0
3
0
0
0
0
0
0
0
4
0
41
12
21
15
0
57
92
0
23
46
18
6
56
3
27
0
135
36
0
12
0
0
0
6
0
18
0
7
8
0
0
16
0
0
0
0
0
0
15
33
0
0
26
0
56
0
1
7
0
0
13
13
0
0
41
60
0
48
25
5
0
2
32
0
3
2
13
0
0
12
20
0
0
0
0
0
0
0
0
2
31
56
0
0
5
24
0
53
21
78
4
0
0
19
4
0
0
5
3
20
0
18
0
4
4
9
0
0
6
3
8
0
0
0
0
0
7
16
13
5
26
0
0
0
0
59
10
0
0
36
25
0
0
0
0
0
64
0
13
8
59
0
3
2
6
0
0
0
4
0
1
0
62
9
0
32
0
0
0
0
15
0
16
40
0
0
25
0
0
0
4
8
68
0
45
33
0
5
13
0
0
0
6
3
2
0
0
23
0
5
0
20
31
0
0
0
0
4
0
17
19
34
15
0
0
61
0
12
10
0
29
48
0
0
0
0
10
38
12
0
0
7
0
0
0
8
13
3
2
8
0
0
0
23
0
0
0
10
8
44
8
0
0
32
0
0
65
40
0
34
0
31
24
56
0
25
29
4
8
23
0
20
0
2
16
0
0
3
0
0
10
0
13
0
0
0
0
44
13
16
0
0
41
23
48
135
12
11
68
5
32
21
33
32
4
4
5
9
3
7
3
0
2
3
9
0
2
0
3
3
0
19
17
8
0
32
27
0
8
16
17
35
0
13
80
0
0
30
26
0
29
0
19
20
5
6
0
17
13
25
53
0
0
3
1
9
0
4
0
0
6
10
20
0
9
29
0
0
39
10
15
0
0
125
0
113
56
31
0
63
0
10
8
20
22
0
26
10
29
26
5
22
5
1
7
0
13
6
0
7
0
0
4
18
50
12
0
21
7
2
13
0
56
0
128
0
0
8
11
0
11
0
8
29
0
19
118
7
37
10
26
16
1
1
0
20
0
0
13
37
0
0
6
0
17
3
5
16
0
23
20
48
0
50
0
30
48
64
21
1
2
18
0
0
85
1
5
31
20
47
20
24
9
0
0
0
6
15
12
0
3
17
1
0
1
10
0
10
28
0
19
6
82
38
0
51
47
20
6
0
7
6
0
0
185
20
0
41
26
25
7
22
10
5
0
0
5
7
0
2
0
3
3
8
0
0
0
5
0
43
5
16
0
0
71
11
0
30
15
16
4
1
9
6
185
8
9
14
159
38
7
21
2
6
0
1
1
0
0
0
0
0
0
0
0
3
11
0
16
0
58
0
18
18
32
16
4
30
2
12
15
13
17
5
22
59
15
11
11
0
0
10
0
0
0
0
0
1
0
0
0
10
0
0
3
0
7
20
0
52
0
11
12
15
6
11
12
6
8
8
19
32
4
19
33
63
6
0
0
31
28
0
30
12
25
5
4
0
0
0
0
5
0
10
0
0
24
0
11
9
12
3
24
0
0
10
2
0
0
3
34
0
53
18
0
2
0
0
0
0
0
0
0
0
0
1
0
0
0
0
0
0
10
0
1
14
0
73
12
0
12
18
0
0
0
11
0
8
2
5
11
36
8
0
0
0
0
0
0
0
0
0
0
0
0
0
0
0
0
3
2
3
15
1
17
0
11
4
2
0
6
0
0
0
0
0
9
9
0
28
2
7
0
0
3
0
0
0
0
0
0
0
0
0
0
0
0
0
0
0
0